% Tire 255/35 R20 

% Pacejka Magic Formula coeff. 

%[LATERAL_COEFFICIENTS]
 a0  =  1.65000  
 a1  = -34.0
 a2  =  1250.00
 a3  =  3036.00
 a4  =  12.80
 a5  =  0.00501
 a6  = -0.02103
 a7  =  0.77394
 a8  =  0.0022890
 a9  =  0.013442
 a10 =  0.003709
 a11 =  19.1656
 a12 =  1.21356
 a13 =  6.26206

%[LONGITUDINAL_COEFFICIENTS]
 b0  =  2.37272
 b1  = -9.46000
 b2  =  1490.00
 b3  =  130.000
 b4  =  276.000
 b5  =  0.08860
 b6  =  0.00402
 b7  = -0.06150
 b8  =  1.20000
 b9  =  0.02990
 b10 = -0.17600

%[ALIGNING_COEFFICIENTS]
 c0  =  2.34000
 c1  =  1.4950
 c2  =  6.416654
 c3  = -3.57403
 c4  = -0.087737
 c5  =  0.098410
 c6  =  0.0027699
 c7  = -0.0001151
 c8  =  0.1000
 c9  = -1.33329
 c10 =  0.025501
 c11 = -0.02357
 c12 =  0.03027
 c13 = -0.0647
 c14 =  0.0211329
 c15 =  0.89469
 c16 = -0.099443
 c17 = -3.336941
